1, 50, 50
(petal_length, 1.0..2.45)-> (decision, Iris-setosa) [1, 2, 3, 4, 5, 6, 7, 8, 9, 10, 11, 12, 13, 14, 15, 16, 17, 18, 19, 20, 21, 22, 23, 24, 25, 26, 27, 28, 29, 30, 31, 32, 33, 34, 35, 36, 37, 38, 39, 40, 41, 42, 43, 44, 45, 46, 47, 48, 49, 50]
3, 46, 46
(petal_length, 1.0..4.95) & (petal_width, 0.1..1.65) & (petal_length, 3.15..6.9)-> (decision, Iris-versicolor) [51, 52, 53, 54, 55, 56, 57, 58, 59, 60, 61, 62, 63, 64, 65, 66, 67, 68, 69, 70, 72, 73, 74, 75, 76, 77, 79, 80, 81, 82, 83, 85, 86, 87, 88, 89, 90, 91, 92, 93, 94, 95, 96, 97, 98, 100]
6, 2, 2
(sepal_length, 5.95..7.9) & (petal_width, 0.1..1.95) & (petal_length, 1.0..5.25) & (petal_width, 1.55..2.5) & (sepal_width, 2.55..4.4) & (petal_length, 4.95..6.9)-> (decision, Iris-versicolor) [78, 84]
5, 23, 23
(sepal_length, 5.05..7.9) & (sepal_length, 4.3..5.95) & (petal_length, 1.0..5.05) & (sepal_width, 2.0..3.25) & (petal_width, 0.1..1.85)-> (decision, Iris-versicolor) [54, 56, 60, 62, 65, 67, 68, 70, 71, 80, 81, 82, 83, 85, 89, 90, 91, 93, 95, 96, 97, 99, 100]
2, 43, 43
(petal_length, 4.85..6.9) & (petal_width, 1.75..2.5)-> (decision, Iris-viginica) [101, 102, 103, 104, 105, 106, 108, 109, 110, 111, 112, 113, 114, 115, 116, 117, 118, 119, 121, 122, 123, 124, 125, 126, 128, 129, 131, 132, 133, 136, 137, 138, 140, 141, 142, 143, 144, 145, 146, 147, 148, 149, 150]
2, 3, 3
(petal_width, 0.1..1.55) & (petal_length, 4.95..6.9)-> (decision, Iris-viginica) [120, 134, 135]
3, 10, 10
(sepal_length, 4.3..6.25) & (petal_width, 1.65..2.5) & (sepal_width, 2.0..3.1500000000000004)-> (decision, Iris-viginica) [102, 107, 114, 115, 122, 127, 128, 139, 143, 150]
1, 11, 11
(sepal_length, 7.15..7.9)-> (decision, Iris-viginica) [106, 108, 110, 118, 119, 123, 126, 130, 131, 132, 136]

