3, 46, 46
(a4, 10.6..20) & (a13, 780..1680) & (a7, 2.37..5.08)-> (decision, 1) [1, 2, 3, 4, 6, 7, 8, 9, 10, 11, 12, 13, 14, 15, 16, 19, 20, 21, 23, 24, 27, 29, 32, 33, 34, 35, 37, 38, 39, 41, 42, 43, 45, 46, 47, 48, 49, 50, 51, 52, 53, 54, 55, 57, 58, 59]
3, 28, 28
(a10, 5.43..13) & (a2, 0.74..2.31) & (a13, 780..1680)-> (decision, 1) [1, 4, 6, 10, 11, 13, 15, 16, 17, 18, 19, 21, 31, 32, 41, 43, 48, 49, 50, 51, 52, 53, 54, 55, 56, 57, 58, 59]
3, 42, 42
(a13, 780..1680) & (a5, 70..116) & (a7, 2.37..5.08)-> (decision, 1) [2, 3, 4, 6, 7, 9, 10, 11, 12, 13, 14, 15, 16, 18, 19, 23, 24, 25, 27, 29, 31, 32, 33, 35, 36, 37, 38, 39, 42, 43, 45, 46, 47, 48, 49, 50, 51, 52, 53, 54, 58, 59]
4, 8, 8
(a4, 10.6..20) & (a1, 12.85..14.83) & (a2, 2.31..5.8) & (a8, 0.13..0.4)-> (decision, 1) [3, 20, 22, 40, 42, 44, 46, 47]
3, 48, 48
(a4, 10.6..20) & (a1, 12.85..14.83) & (a13, 780..1680)-> (decision, 1) [1, 2, 3, 4, 6, 7, 8, 9, 10, 11, 12, 13, 14, 15, 16, 19, 20, 21, 23, 24, 27, 28, 29, 30, 32, 33, 34, 35, 37, 38, 39, 41, 42, 43, 45, 46, 47, 48, 49, 50, 51, 52, 53, 54, 55, 57, 58, 59]
3, 2, 2
(a1, 12.85..14.83) & (a6, 2.35..3.88) & (a3, 2.86..3.23)-> (decision, 1) [5, 26]
3, 43, 43
(a2, 0.74..2.31) & (a11, 0.88..1.71) & (a1, 11.03..12.85)-> (decision, 2) [60, 61, 62, 64, 65, 66, 68, 70, 71, 75, 76, 79, 81, 82, 83, 86, 87, 88, 89, 90, 91, 92, 93, 95, 96, 97, 98, 99, 101, 102, 104, 105, 107, 108, 110, 114, 115, 116, 117, 118, 122, 128, 129]
2, 44, 44
(a1, 11.03..12.85) & (a12, 2.51..4)-> (decision, 2) [64, 68, 70, 75, 78, 80, 81, 82, 83, 85, 86, 88, 89, 90, 92, 94, 95, 96, 98, 99, 100, 101, 102, 103, 105, 106, 107, 109, 110, 111, 112, 115, 116, 117, 118, 120, 121, 122, 123, 125, 126, 127, 129, 130]
4, 28, 28
(a2, 0.74..2.31) & (a8, 0.13..0.4) & (a5, 70..116) & (a13, 278..780)-> (decision, 2) [60, 63, 64, 66, 67, 68, 72, 73, 76, 77, 81, 82, 85, 86, 95, 98, 99, 101, 102, 104, 105, 107, 109, 110, 117, 118, 126, 127]
3, 29, 29
(a4, 10.6..20) & (a1, 11.03..12.85) & (a10, 1.28..5.43)-> (decision, 2) [60, 61, 64, 65, 66, 68, 70, 76, 78, 79, 81, 82, 85, 86, 91, 94, 95, 96, 98, 99, 100, 101, 102, 104, 107, 109, 111, 119, 120]
4, 6, 6
(a9, 1.42..3.58) & (a4, 20..30) & (a10, 1.28..5.43) & (a11, 0.48..0.88)-> (decision, 2) [84, 106, 121, 124, 125, 127]
3, 1, 1
(a3, 2.86..3.23) & (a5, 70..116) & (a8, 0.4..0.66)-> (decision, 2) [113]
4, 2, 2
(a4, 20..30) & (a5, 116..162) & (a3, 1.36..2.86) & (a10, 1.28..5.43)-> (decision, 2) [74, 97]
3, 1, 1
(a6, 2.35..3.88) & (a9, 0.41..1.42) & (a12, 1.27..2.51)-> (decision, 2) [69]
3, 23, 23
(a10, 5.43..13) & (a8, 0.4..0.66) & (a2, 2.31..5.8)-> (decision, 3) [136, 139, 148, 149, 154, 156, 157, 158, 161, 162, 163, 165, 166, 167, 168, 171, 172, 173, 174, 175, 176, 177, 178]
4, 29, 29
(a4, 20..30) & (a9, 0.41..1.42) & (a12, 1.27..2.51) & (a3, 1.36..2.86)-> (decision, 3) [132, 133, 134, 137, 138, 140, 141, 142, 143, 144, 146, 147, 148, 149, 150, 151, 152, 155, 158, 161, 162, 163, 165, 166, 173, 174, 175, 176, 178]
3, 22, 22
(a10, 5.43..13) & (a13, 278..780) & (a1, 12.85..14.83)-> (decision, 3) [139, 148, 149, 150, 151, 153, 154, 156, 157, 159, 160, 162, 163, 165, 166, 167, 169, 170, 173, 174, 175, 178]
3, 26, 26
(a10, 5.43..13) & (a11, 0.48..0.88) & (a8, 0.4..0.66)-> (decision, 3) [135, 136, 139, 148, 149, 154, 155, 156, 157, 158, 159, 160, 161, 163, 165, 166, 167, 168, 171, 172, 173, 174, 175, 176, 177, 178]
3, 6, 6
(a13, 780..1680) & (a7, 0.34..2.37) & (a2, 2.31..5.8)-> (decision, 3) [142, 145, 146, 158, 176, 177]
4, 5, 5
(a1, 12.85..14.83) & (a4, 10.6..20) & (a6, 0.98..2.35) & (a11, 0.48..0.88)-> (decision, 3) [131, 139, 154, 157, 164]

